[176.150825026023, 152.51203985599074, 171.95675205872737, 165.03863880498648, 193.16952236625374, 158.6257657277456, 160.80239357753942, 197.48693358067382, 166.36764560374107, 160.78460464338744, 174.91292411442961, 164.51680267479028, 176.29036499220717, 158.80303063951405, 191.2005926221957, 178.9629003040687, 177.88146604240052, 162.10520961874985, 163.38634587300265, 151.87355159539584]
[116.09601167849924, 113.30697201471874, 112.34532200389962, 122.74365273448736, 113.50281881804976, 117.8094488513367, 125.7648625141124, 106.48529129763318, 116.38055387682796, 118.29685486003872, 147.17705395734092, 112.4278401215112, 121.55780897837906, 120.78154377816944, 136.75906944122175, 126.8657732125405, 127.71669393805857, 119.2019900625745, 109.83455182252729, 147.76832509712648]
[61.88962734121977, 84.01469032512591, 65.63138614013212, 73.59346900790807, 93.65546346158823, 57.340852743177095, 79.99750955492416, 71.31124839417552, 73.43228578834069, 98.35731033939831, 96.50609450588348, 81.69428925094923, 70.61914949361628, 52.14897794374881, 94.72656895814845, 77.7761397273411, 51.28012903910939, 98.97524173058659, 56.99889278198667, 55.73388055638041]
[201.50218235900945, 233.41074433005485, 223.9796670533241, 201.55743607279152, 232.8725180336379, 247.19846686514697, 205.58275794137975, 210.20733015398636, 202.90648907949597, 216.94683699471057, 241.16681600246952, 227.15453919519828, 207.28506456046148, 203.74226733933267, 229.28425214452648, 223.15764024062958, 211.28832531425374, 240.8845056605992, 218.94648317514415, 234.4020128386607]
[266.12811663474776, 257.09025819742243, 257.482883129367, 279.082165592851, 272.012511556889, 256.56681046352, 270.1422598876414, 256.92513237416637, 264.849899556521, 251.6656522163427, 266.37334982136656, 271.7330658120088, 285.4979764083449, 285.6013558423447, 260.3322616225007, 260.31253065890974, 256.58044514126334, 283.3112225971273, 284.90450685365585, 275.6113304360117]

""""
stack = []
for i in range(20):
    number = random.random()
    number *= 50

    number += 250

    stack.append(number)
print(stack)
"""